month,energyFactor,noUnits,unitCap,transmissionLoss,offPeakPercent,onPeakCapFactor,offPeakCapFactor
oct,297,0,0,0.01,0.537435481992117,2.0,2.0
nov,297,0,0,0.01,0.537435481992117,2.0,2.0
dec,297,0,0,0.01,0.537435481992117,2.0,2.0
jan,297,0,0,0.01,0.001,2.0,2.0
feb,297,0,0,0.01,0.001,2.0,2.0
mar,297,0,0,0.01,0.001,2.0,2.0
apr,297,0,0,0.01,0.001,2.0,2.0
may,297,0,0,0.01,0.001,2.0,2.0
jun,297,0,0,0.01,0.001,2.0,2.0
jul,297,0,0,0.01,0.537435481992117,2.0,2.0
aug,297,0,0,0.01,0.537435481992117,2.0,2.0
sep,297,0,0,0.01,0.537435481992117,2.0,2.0
