month,energyFactor,noUnits,unitCap,transmissionLoss,offPeakPercent,onPeakCapFactor,offPeakCapFactor
oct,1.0,8,1.0,0.01,0.896564352255538,1.5,1.5
nov,1.0,8,1.0,0.01,0.896564352255538,1.5,1.5
dec,1.0,8,1.0,0.01,0.896564352255538,1.5,1.5
jan,1.0,8,1.0,0.01,0.896564352255538,1.5,1.5
feb,1.0,8,1.0,0.01,0.896564352255538,1.5,1.5
mar,1.0,8,1.0,0.01,0.896564352255538,1.5,1.5
apr,1.0,8,1.0,0.01,0.896564352255538,1.5,1.5
may,1.0,8,1.0,0.01,0.896564352255538,1.5,1.5
jun,1.0,8,1.0,0.01,0.896564352255538,1.5,1.5
jul,1.0,8,1.0,0.01,0.896564352255538,1.5,1.5
aug,1.0,8,1.0,0.01,0.896564352255538,1.5,1.5
sep,1.0,8,1.0,0.01,0.896564352255538,1.5,1.5
