month,noUnits,transmissionLoss,capShare,efficiency,maxFlow,powerRating,energyFactor
oct,8,0.01,0.471,1.0,999999.0,1.0,1.0
nov,8,0.01,0.471,1.0,999999.0,1.0,1.0
dec,8,0.01,0.471,1.0,999999.0,1.0,1.0
jan,8,0.01,0.471,1.0,999999.0,1.0,1.0
feb,8,0.01,0.471,1.0,999999.0,1.0,1.0
mar,8,0.01,0.471,1.0,999999.0,1.0,1.0
apr,8,0.01,0.471,1.0,999999.0,1.0,1.0
may,8,0.01,0.471,1.0,999999.0,1.0,1.0
jun,8,0.01,0.471,1.0,999999.0,1.0,1.0
jul,8,0.01,0.471,1.0,999999.0,1.0,1.0
aug,8,0.01,0.471,1.0,999999.0,1.0,1.0
sep,8,0.01,0.471,1.0,999999.0,1.0,1.0