month,energyFactor,noUnits,unitCap,transmissionLoss,offPeakPercent,onPeakCapFactor,offPeakCapFactor
oct,59.2,6,4.5,0.01,0.484553326705355,2.0,2.0
nov,59.2,6,4.5,0.01,0.484553326705355,2.0,2.0
dec,59.2,6,4.5,0.01,0.484553326705355,2.0,2.0
jan,59.2,6,4.5,0.01,0.484553326705355,2.0,2.0
feb,59.2,6,4.5,0.01,0.484553326705355,2.0,2.0
mar,59.2,6,4.5,0.01,0.484553326705355,2.0,2.0
apr,59.2,6,4.5,0.01,0.484553326705355,2.0,2.0
may,59.2,6,4.5,0.01,0.484553326705355,2.0,2.0
jun,59.2,6,4.5,0.01,0.484553326705355,2.0,2.0
jul,59.2,6,4.5,0.01,0.484553326705355,2.0,2.0
aug,59.2,6,4.5,0.01,0.484553326705355,2.0,2.0
sep,59.2,6,4.5,0.01,0.484553326705355,2.0,2.0
