month,noUnits,transmissionLoss,capShare,efficiency,maxFlow,powerRating,energyFactor
oct,5,0.045,1.0,1.0,999999.0,1.0,1.0
nov,5,0.045,1.0,1.0,999999.0,1.0,1.0
dec,5,0.045,1.0,1.0,999999.0,1.0,1.0
jan,5,0.045,1.0,1.0,999999.0,1.0,1.0
feb,5,0.045,1.0,1.0,999999.0,1.0,1.0
mar,5,0.045,1.0,1.0,999999.0,1.0,1.0
apr,5,0.045,1.0,1.0,999999.0,1.0,1.0
may,5,0.045,1.0,1.0,999999.0,1.0,1.0
jun,5,0.045,1.0,1.0,999999.0,1.0,1.0
jul,5,0.045,1.0,1.0,999999.0,1.0,1.0
aug,5,0.045,1.0,1.0,999999.0,1.0,1.0
sep,5,0.045,1.0,1.0,999999.0,1.0,1.0