month,energyFactor,noUnits,unitCap,transmissionLoss,offPeakPercent,onPeakCapFactor,offPeakCapFactor
oct,237.5,6,16,0.01,0.476717107750283,1.05,1.05
nov,237.5,6,16,0.01,0.476717107750283,1.05,1.05
dec,237.5,6,16,0.01,0.476717107750283,1.05,1.05
jan,237.5,6,16,0.01,0.476717107750283,1.5,1.5
feb,237.5,6,16,0.01,0.476717107750283,1.2,1.2
mar,237.5,6,16,0.01,0.476717107750283,2.2,2.2
apr,237.5,6,16,0.01,0.476717107750283,1.6,1.6
may,237.5,6,16,0.01,0.476717107750283,2.3,2.3
jun,237.5,6,16,0.01,0.476717107750283,1.5,1.5
jul,237.5,6,16,0.01,0.476717107750283,1.05,1.05
aug,237.5,6,16,0.01,0.476717107750283,1.05,1.05
sep,237.5,6,16,0.01,0.476717107750283,1.05,1.05
