month,noUnits,transmissionLoss,capShare,efficiency,maxFlow,powerRating,energyFactor
oct,2,0.045,1.0,1.0,999999.0,1.0,1.0
nov,2,0.045,1.0,1.0,999999.0,1.0,1.0
dec,2,0.045,1.0,1.0,999999.0,1.0,1.0
jan,2,0.045,1.0,1.0,999999.0,1.0,1.0
feb,2,0.045,1.0,1.0,999999.0,1.0,1.0
mar,2,0.045,1.0,1.0,999999.0,1.0,1.0
apr,2,0.045,1.0,1.0,999999.0,1.0,1.0
may,2,0.045,1.0,1.0,999999.0,1.0,1.0
jun,2,0.045,1.0,1.0,999999.0,1.0,1.0
jul,2,0.045,1.0,1.0,999999.0,1.0,1.0
aug,2,0.045,1.0,1.0,999999.0,1.0,1.0
sep,2,0.045,1.0,1.0,999999.0,1.0,1.0