month,noUnits,transmissionLoss,capShare,efficiency,maxFlow,powerRating,energyFactor
oct,1,0.0135,1.0,0.8009,1740.0,19.6,105.0
nov,1,0.0135,1.0,0.8009,1740.0,19.6,105.0
dec,1,0.0135,1.0,0.8009,1740.0,19.6,105.0
jan,1,0.0135,1.0,0.8009,1740.0,19.6,105.0
feb,1,0.0135,1.0,0.8009,1740.0,19.6,105.0
mar,1,0.0135,1.0,0.8009,1740.0,19.6,105.0
apr,1,0.0135,1.0,0.8009,1740.0,19.6,105.0
may,1,0.0135,1.0,0.8009,1740.0,19.6,105.0
jun,1,0.0135,1.0,0.8009,1740.0,19.6,105.0
jul,1,0.0135,1.0,0.8009,1740.0,19.6,105.0
aug,1,0.0135,1.0,0.8009,1740.0,19.6,105.0
sep,1,0.0135,1.0,0.8009,1740.0,19.6,105.0
