month,energyFactor,noUnits,unitCap,transmissionLoss,offPeakPercent,onPeakCapFactor,offPeakCapFactor
oct,200,1,8.766,0.0132,0.0,1.0,1.0
nov,200,1,8.766,0.0132,0.0,1.0,1.0
dec,200,1,8.766,0.0132,0.0,1.0,1.0
jan,200,1,8.766,0.0132,0.0,1.0,1.0
feb,200,1,8.766,0.0132,0.0,1.0,1.0
mar,200,1,8.766,0.0132,0.0,1.0,1.0
apr,200,1,8.766,0.0132,0.0,1.0,1.0
may,200,1,8.766,0.0132,0.0,1.0,1.0
jun,200,1,8.766,0.0132,0.0,1.0,1.0
jul,200,1,8.766,0.0132,0.0,1.0,1.0
aug,200,1,8.766,0.0132,0.0,1.0,1.0
sep,200,1,8.766,0.0132,0.0,1.0,1.0
