month,energyFactor,noUnits,unitCap,transmissionLoss,offPeakPercent,onPeakCapFactor,offPeakCapFactor
oct,242,1,107.797,0.0151,0.0,1.0,1.0
nov,242,1,107.797,0.0151,0.0,1.0,1.0
dec,242,1,107.797,0.0151,0.0,1.0,1.0
jan,242,1,107.797,0.0151,0.0,1.0,1.0
feb,242,1,107.797,0.0151,0.0,1.0,1.0
mar,242,1,107.797,0.0151,0.0,1.0,1.0
apr,242,1,107.797,0.0151,0.0,1.0,1.0
may,242,1,107.797,0.0151,0.0,1.0,1.0
jun,242,1,107.797,0.0151,0.0,1.0,1.0
jul,242,1,107.797,0.0151,0.0,1.0,1.0
aug,242,1,107.797,0.0151,0.0,1.0,1.0
sep,242,1,107.797,0.0151,0.0,1.0,1.0
