month,noUnits,transmissionLoss,capShare,efficiency,maxFlow,powerRating,energyFactor
oct,1,0.01,1.0,0.884,17840.0,1260.0,1.0
nov,1,0.01,1.0,0.884,17840.0,1260.0,1.0
dec,1,0.01,1.0,0.884,17840.0,1260.0,1.0
jan,1,0.01,1.0,0.884,17840.0,1260.0,1.0
feb,1,0.01,1.0,0.884,17840.0,1260.0,1.0
mar,1,0.01,1.0,0.884,17840.0,1260.0,1.0
apr,1,0.01,1.0,0.884,17840.0,1260.0,1.0
may,1,0.01,1.0,0.884,17840.0,1260.0,1.0
jun,1,0.01,1.0,0.884,17840.0,1260.0,1.0
jul,1,0.01,1.0,0.884,17840.0,1260.0,1.0
aug,1,0.01,1.0,0.884,17840.0,1260.0,1.0
sep,1,0.01,1.0,0.884,17840.0,1260.0,1.0