month,energyFactor,noUnits,unitCap,transmissionLoss,offPeakPercent,onPeakCapFactor,offPeakCapFactor
oct,639,1,246.18,0.0151,0.0,1.0,1.0
nov,639,1,246.18,0.0151,0.0,1.0,1.0
dec,639,1,246.18,0.0151,0.0,1.0,1.0
jan,639,1,246.18,0.0151,0.0,1.0,1.0
feb,639,1,246.18,0.0151,0.0,1.0,1.0
mar,639,1,246.18,0.0151,0.0,1.0,1.0
apr,639,1,246.18,0.0151,0.0,1.0,1.0
may,639,1,246.18,0.0151,0.0,1.0,1.0
jun,639,1,246.18,0.0151,0.0,1.0,1.0
jul,639,1,246.18,0.0151,0.0,1.0,1.0
aug,639,1,246.18,0.0151,0.0,1.0,1.0
sep,639,1,246.18,0.0151,0.0,1.0,1.0
