month,energyFactor,noUnits,unitCap,transmissionLoss,offPeakPercent,onPeakCapFactor,offPeakCapFactor
oct,72,1,0.7457,0.0179,0.0,1.0,1.0
nov,72,1,0.7457,0.0179,0.0,1.0,1.0
dec,72,1,0.7457,0.0179,0.0,1.0,1.0
jan,72,1,0.7457,0.0179,0.0,1.0,1.0
feb,72,1,0.7457,0.0179,0.0,1.0,1.0
mar,72,1,0.7457,0.0179,0.0,1.0,1.0
apr,72,1,0.7457,0.0179,0.0,1.0,1.0
may,72,1,0.7457,0.0179,0.0,1.0,1.0
jun,72,1,0.7457,0.0179,0.0,1.0,1.0
jul,72,1,0.7457,0.0179,0.0,1.0,1.0
aug,72,1,0.7457,0.0179,0.0,1.0,1.0
sep,72,1,0.7457,0.0179,0.0,1.0,1.0
