month,noUnits,transmissionLoss,capShare,efficiency,maxFlow,powerRating,energyFactor
oct,1,0.0223,1.0,0.8203,2940.0,357.9,1113.0
nov,1,0.0223,1.0,0.8203,2940.0,357.9,1113.0
dec,1,0.0223,1.0,0.8203,2940.0,357.9,1113.0
jan,1,0.0223,1.0,0.8203,2940.0,357.9,1113.0
feb,1,0.0223,1.0,0.8203,2940.0,357.9,1113.0
mar,1,0.0223,1.0,0.8203,2940.0,357.9,1113.0
apr,1,0.0223,1.0,0.8203,2940.0,357.9,1113.0
may,1,0.0223,1.0,0.8203,2940.0,357.9,1113.0
jun,1,0.0223,1.0,0.8203,2940.0,357.9,1113.0
jul,1,0.0223,1.0,0.8203,2940.0,357.9,1113.0
aug,1,0.0223,1.0,0.8203,2940.0,357.9,1113.0
sep,1,0.0223,1.0,0.8203,2940.0,357.9,1113.0