month,energyFactor,noUnits,unitCap,transmissionLoss,offPeakPercent,onPeakCapFactor,offPeakCapFactor
oct,2236.0,1,775.84,0.0164,0.0,1.0,1.0
nov,2236.0,1,775.84,0.0164,0.0,1.0,1.0
dec,2236.0,1,775.84,0.0164,0.0,1.0,1.0
jan,2236.0,1,775.84,0.0164,0.0,1.0,1.0
feb,2236.0,1,775.84,0.0164,0.0,1.0,1.0
mar,2236.0,1,775.84,0.0164,0.0,1.0,1.0
apr,2236.0,1,775.84,0.0164,0.0,1.0,1.0
may,2236.0,1,775.84,0.0164,0.0,1.0,1.0
jun,2236.0,1,775.84,0.0164,0.0,1.0,1.0
jul,2236.0,1,775.84,0.0164,0.0,1.0,1.0
aug,2236.0,1,775.84,0.0164,0.0,1.0,1.0
sep,2236.0,1,775.84,0.0164,0.0,1.0,1.0
