month,energyFactor,noUnits,unitCap,transmissionLoss,offPeakPercent,onPeakCapFactor,offPeakCapFactor
oct,77,1,3.021,0.0132,0.0,1.0,1.0
nov,77,1,3.021,0.0132,0.0,1.0,1.0
dec,77,1,3.021,0.0132,0.0,1.0,1.0
jan,77,1,3.021,0.0132,0.0,1.0,1.0
feb,77,1,3.021,0.0132,0.0,1.0,1.0
mar,77,1,3.021,0.0132,0.0,1.0,1.0
apr,77,1,3.021,0.0132,0.0,1.0,1.0
may,77,1,3.021,0.0132,0.0,1.0,1.0
jun,77,1,3.021,0.0132,0.0,1.0,1.0
jul,77,1,3.021,0.0132,0.0,1.0,1.0
aug,77,1,3.021,0.0132,0.0,1.0,1.0
sep,77,1,3.021,0.0132,0.0,1.0,1.0
