month,noUnits,transmissionLoss,capShare,efficiency,maxFlow,powerRating,energyFactor
oct,1,0.0593,1.0,0.84,2880.0,32.9,95.0
nov,1,0.0593,1.0,0.84,2880.0,32.9,95.0
dec,1,0.0593,1.0,0.84,2880.0,32.9,95.0
jan,1,0.0593,1.0,0.84,2880.0,32.9,95.0
feb,1,0.0593,1.0,0.84,2880.0,32.9,95.0
mar,1,0.0593,1.0,0.84,2880.0,32.9,95.0
apr,1,0.0593,1.0,0.84,2880.0,32.9,95.0
may,1,0.0593,1.0,0.84,2880.0,32.9,95.0
jun,1,0.0593,1.0,0.84,2880.0,32.9,95.0
jul,1,0.0593,1.0,0.84,2880.0,32.9,95.0
aug,1,0.0593,1.0,0.84,2880.0,32.9,95.0
sep,1,0.0593,1.0,0.84,2880.0,32.9,95.0