month,noUnits,transmissionLoss,capShare,efficiency,maxFlow,powerRating
oct,1,0.045,1.0,0.873,16950.0,819.0
nov,1,0.045,1.0,0.873,16950.0,819.0
dec,1,0.045,1.0,0.873,16950.0,819.0
jan,1,0.045,1.0,0.873,16950.0,819.0
feb,1,0.045,1.0,0.873,16950.0,819.0
mar,1,0.045,1.0,0.873,16950.0,819.0
apr,1,0.045,1.0,0.873,16950.0,819.0
may,1,0.045,1.0,0.873,16950.0,819.0
jun,1,0.045,1.0,0.873,16950.0,819.0
jul,1,0.045,1.0,0.873,16950.0,819.0
aug,1,0.045,1.0,0.873,16950.0,819.0
sep,1,0.045,1.0,0.873,16950.0,819.0