month,energyFactor,noUnits,unitCap,transmissionLoss,offPeakPercent,onPeakCapFactor,offPeakCapFactor
oct,280,1,69.975,0.0234,0.0,1.0,1.0
nov,280,1,69.975,0.0234,0.0,1.0,1.0
dec,280,1,69.975,0.0234,0.0,1.0,1.0
jan,280,1,69.975,0.0234,0.0,1.0,1.0
feb,280,1,69.975,0.0234,0.0,1.0,1.0
mar,280,1,69.975,0.0234,0.0,1.0,1.0
apr,280,1,69.975,0.0234,0.0,1.0,1.0
may,280,1,69.975,0.0234,0.0,1.0,1.0
jun,280,1,69.975,0.0234,0.0,1.0,1.0
jul,280,1,69.975,0.0234,0.0,1.0,1.0
aug,280,1,69.975,0.0234,0.0,1.0,1.0
sep,280,1,69.975,0.0234,0.0,1.0,1.0
