month,energyFactor,noUnits,unitCap,transmissionLoss,offPeakPercent,onPeakCapFactor,offPeakCapFactor
oct,703,1,151.588,0.003,0.0,1.0,1.0
nov,703,1,151.588,0.003,0.0,1.0,1.0
dec,703,1,151.588,0.003,0.0,1.0,1.0
jan,703,1,151.588,0.003,0.0,1.0,1.0
feb,703,1,151.588,0.003,0.0,1.0,1.0
mar,703,1,151.588,0.003,0.0,1.0,1.0
apr,703,1,151.588,0.003,0.0,1.0,1.0
may,703,1,151.588,0.003,0.0,1.0,1.0
jun,703,1,151.588,0.003,0.0,1.0,1.0
jul,703,1,151.588,0.003,0.0,1.0,1.0
aug,703,1,151.588,0.003,0.0,1.0,1.0
sep,703,1,151.588,0.003,0.0,1.0,1.0
