month,energyFactor,noUnits,unitCap,transmissionLoss,offPeakPercent,onPeakCapFactor,offPeakCapFactor
oct,797,1,20.69,0.0229,0.0,1.0,1.0
nov,797,1,20.69,0.0229,0.0,1.0,1.0
dec,797,1,20.69,0.0229,0.0,1.0,1.0
jan,797,1,20.69,0.0229,0.0,1.0,1.0
feb,797,1,20.69,0.0229,0.0,1.0,1.0
mar,797,1,20.69,0.0229,0.0,1.0,1.0
apr,797,1,20.69,0.0229,0.0,1.0,1.0
may,797,1,20.69,0.0229,0.0,1.0,1.0
jun,797,1,20.69,0.0229,0.0,1.0,1.0
jul,797,1,20.69,0.0229,0.0,1.0,1.0
aug,797,1,20.69,0.0229,0.0,1.0,1.0
sep,797,1,20.69,0.0229,0.0,1.0,1.0
