month,energyFactor,noUnits,unitCap,transmissionLoss,offPeakPercent,onPeakCapFactor,offPeakCapFactor
oct,137.9,6,27.6,0.01,0.766308505587067,1.0,1.0
nov,137.9,6,27.6,0.01,0.766308505587067,1.0,1.0
dec,137.9,6,27.6,0.01,0.766308505587067,1.0,1.0
jan,137.9,6,27.6,0.01,0.766308505587067,1.0,1.0
feb,137.9,6,27.6,0.01,0.766308505587067,1.0,1.0
mar,137.9,6,27.6,0.01,0.766308505587067,1.0,1.0
apr,137.9,6,27.6,0.01,0.766308505587067,1.0,1.0
may,137.9,6,27.6,0.01,0.766308505587067,1.0,1.0
jun,137.9,6,27.6,0.01,0.565568760240966,1.0,1.0
jul,137.9,6,27.6,0.01,0.565568760240966,1.0,1.0
aug,137.9,6,27.6,0.01,0.565568760240966,1.0,1.0
sep,137.9,6,27.6,0.01,0.766308505587067,1.0,1.0
