month,noUnits,transmissionLoss,capShare,efficiency,maxFlow,powerRating
oct,8,0.010,0.529,1.0,999999.0,999999.0
nov,8,0.010,0.529,1.0,999999.0,999999.0
dec,8,0.010,0.529,1.0,999999.0,999999.0
jan,8,0.010,0.529,1.0,999999.0,999999.0
feb,8,0.010,0.529,1.0,999999.0,999999.0
mar,8,0.010,0.529,1.0,999999.0,999999.0
apr,8,0.010,0.529,1.0,999999.0,999999.0
may,8,0.010,0.529,1.0,999999.0,999999.0
jun,8,0.010,0.529,1.0,999999.0,999999.0
jul,8,0.010,0.529,1.0,999999.0,999999.0
aug,8,0.010,0.529,1.0,999999.0,999999.0
sep,8,0.010,0.529,1.0,999999.0,999999.0
