month,energyFactor,noUnits,unitCap,transmissionLoss,offPeakPercent,onPeakCapFactor,offPeakCapFactor
oct,295,1,111.9,0.0151,0.0,1.0,1.0
nov,295,1,111.9,0.0151,0.0,1.0,1.0
dec,295,1,111.9,0.0151,0.0,1.0,1.0
jan,295,1,111.9,0.0151,0.0,1.0,1.0
feb,295,1,111.9,0.0151,0.0,1.0,1.0
mar,295,1,111.9,0.0151,0.0,1.0,1.0
apr,295,1,111.9,0.0151,0.0,1.0,1.0
may,295,1,111.9,0.0151,0.0,1.0,1.0
jun,295,1,111.9,0.0151,0.0,1.0,1.0
jul,295,1,111.9,0.0151,0.0,1.0,1.0
aug,295,1,111.9,0.0151,0.0,1.0,1.0
sep,295,1,111.9,0.0151,0.0,1.0,1.0
