month,noUnits,transmissionLoss,capShare,efficiency,maxFlow,powerRating
oct,1,0.045,1.0,0.873,17400.0,120.0
nov,1,0.045,1.0,0.873,17400.0,120.0
dec,1,0.045,1.0,0.873,17400.0,120.0
jan,1,0.045,1.0,0.873,17400.0,120.0
feb,1,0.045,1.0,0.873,17400.0,120.0
mar,1,0.045,1.0,0.873,17400.0,120.0
apr,1,0.045,1.0,0.873,17400.0,120.0
may,1,0.045,1.0,0.873,17400.0,120.0
jun,1,0.045,1.0,0.873,17400.0,120.0
jul,1,0.045,1.0,0.873,17400.0,120.0
aug,1,0.045,1.0,0.873,17400.0,120.0
sep,1,0.045,1.0,0.873,17400.0,120.0