month,noUnits,transmissionLoss,capShare,efficiency,maxFlow,powerRating,energyFactor
oct,1,0.014,1.0,0.814,1564.0,78.2,573.0
nov,1,0.014,1.0,0.814,1564.0,78.2,573.0
dec,1,0.014,1.0,0.814,1564.0,78.2,573.0
jan,1,0.014,1.0,0.814,1564.0,78.2,573.0
feb,1,0.014,1.0,0.814,1564.0,78.2,573.0
mar,1,0.014,1.0,0.814,1564.0,78.2,573.0
apr,1,0.014,1.0,0.814,1564.0,78.2,573.0
may,1,0.014,1.0,0.814,1564.0,78.2,573.0
jun,1,0.014,1.0,0.814,1564.0,78.2,573.0
jul,1,0.014,1.0,0.814,1564.0,78.2,573.0
aug,1,0.014,1.0,0.814,1564.0,78.2,573.0
sep,1,0.014,1.0,0.814,1564.0,78.2,573.0